12956316000130
13010173000132
13041224000193
13076578000173
13178006000103
13183257000178
13187750000247
13192271000138
13239260000166
13309639000103
13353158000197
13370871000149
13377867000102
13508780000127
13551792000134
13624584000118
13745614000144
13771333000166
13776952000143
13919319000167
13920133000128
14006401000163
14086096000167
14108605000105
14155586000178
14207709000177
14316552000118
14344544000185
14346593000157
14380857000199
14422841000100
14512287000143
14539070000127
14590342000113
14621971000163
14749168000109
14758011000140
14769953000123
14813225000171
14813694000190
14929528000154
14944109000191
14961834000178
15063099000148
15063231000111
15121580000142
15122970000137
15126674000104
15130060000104
15219639000130
15231330000165
15307406000199
15375337000150
15454290000110
15544908000133
15549228000102
15573490000192
15669212000133
15708707000124
15711950000100
16517535000174
16597514000106
16675824000100
16678731000120
16692586000132
16710112000176
16828508000112
16830297000152
17086593000153
17116942000132
17171321000151
17208355000335
17315583000142
17352041000140
17368785000152
17401390000104
17458798000112
17616082000104
17641409000190
17690444000107
17713316000123
17749592000141
17832091000124
17897258000135
17996555000138
18004300000104
18022683000143
18145800000166
18164933000180
18169959000110
18304791000109
18492203000108
18593339000104
18619091000103
18636110000100
18639747000150
18642787000150
18716536000173
18938551000166
18946942000122
19076216000169
19126297000164
19142460000182
19198974000150
19234401000134
19264286000140
19324495000132
19353925000144
19452175000168
19498445000171
19572987000147
19693618000102
19746844000104
19781844000145
19788653000105
19812953000182
19897450000157
19898632000142
19972649000100
19973029000188
19994550000100
20097084000130
20124358000133
20184566000128
20235926000173
20254396000100
20610282000156
20639580000179
20662289000111
20693584000135
20883261000104
20903278000186
20909690000103
21025144000334
21121024000179
21127813000117
21183229000189
21218442000189
21244345000160
21481424000195
21484429000171
21580487000107
21597618000150
21610889000107
21614779000105
21651900000179
21694396000194
21771624000182
21800236000182
21925817000140
21940250000181
21996391000116
22019527000109
22044966000163
22047202000121
22118710000153
22132885000115
22141567000110
22156542000190
22194160000151
22338741000110
22372931000153
22372931000234
22428821000166
22468914000114
22471272000102
22535466000124
22540509000160
22564517000146
22639189000108
22769307000194
22793659000185
22905758000101
22932923000114
22969424000100
22969713000109
23058812000193
23076439000101
23121974000129
23232208000131
23352317000192
23352519000134
23400992000140
23503780000198
23509562000160
23530016000101
23606322000184
23652345000125
23802090000130
23826637000137
23878273000139
23891337000131
23946892000113
24024991000100
24106951000108
24107779000107
24140008000111
24228770000154
24229001000170
24232923000137
24286667000160
24354743000128
24391891000112
24570726000128
24595150000153
24690415000100
24692569000123
24699966000127
24859380000182
24865303000135
24896425001594
25199736000161
25247502000142
25344439000162
25452851000104
25529613000141
25966525000107
26006059000180
26032392000164
26102203000182
26148212000104
26153992000180
26155772000196
26193042000260
26193529000162
26288346000120
26328059000105
26334428000164
26430283000103
26626468000180
26643367000117
26648654000110
26666394000105
26673860000180
26716014000108
26732336000132
26757767000153
26804128000100
26908452000160
26960046000146
26963006000158
27039560000106
27096089000198
27152596000100
27220941000197
27256153000150
27436635000192
27540321000135
27565293000100
27691712000150
27706371000140
27741357000187
27757388000126
27856956000146
27898486000183
27909772000105
27914831000125
27949546000140
28094058000160
28096157000181
28123091000171
28134636000145
28142542000118
28186065000192
28214258000100
28221310000155
28262049000131
28411030000100
28435746000147
28526793000104
28601918000105
28641420000176
28643458000188
28694314000150
28768865000111
28893616000158
29028724000125
29036085000140
29093251000140
29392097000107
29513415000140
29628600000180
29848086000199
29856880000184
29871046000168
30084475000174
30310682000108
30359063000108
30405540000116
30444878000187
30698812000113
30892995000103
30912047000192
31000533000105
31030151000116
31137823000197
31279467000146
31480467000100
31893408000163
31937262000100
32278829000147
32662748000146
32668070000109
32754088000123
33164014000108
33250196000121
33576400000107
38840211000105
43671320000348
43936780000199
43972785000177
43976430000156
43977115000143
44209765000101
44944643000169
44944957000161
45227782000134
45231560002210
45231560004000
45231560005901
45231560007602
45236239000101
45247780000107
45249539000117
45265154000143
45275823000168
45300381000162
45351517000163
45356292002777
45356292007574
46030078000311
46716916000143
47031562000166
47033048000160
47056700000161
47060173000169
47404801000186
47971205000188
47992284000375
48011845000109
48012637000124
48013734000131
48442933000165
48453989000115
48538805000110
49152929000125
50422781000180
50423003000106
50431980000155
50490036000179
50492370000161
50495233000180
50513472000116
50731074000176
50732510000121
50735745000177
51799716000131
51801447000109
51827202000142
52148046000156
52280500000128
52384120000133
52384815000115
52386968000100
52479219000119
52657483000103
53230223000101
53723797000111
54164744000170
54165915000186
54511134000104
54885546000104
54886601000172
54918404000198
54920400000144
55105183000100
55365852000174
55967723000156
55977417000109
55977920000156
55978878000198
55979611000115
55985857000108
55987929000148
55998546000175
56018088000123
56021652000167
56024409000100
56061344000165
56121296000153
56125750000144
56358781000145
56402829000337
56421217000120
56510209000150
56526320000134
56890676000152
56893811000113
56895634000104
56896079000135
56918733000164
57099699000106
57222317000190
57426348000162
57437725000169
57643264000180
57708034000152
57713661000181
57720401000133
57720724000127
57797920000108
58315623000133
58613753000152
58706862000114
58755430000101
58865825000159
59404335000118
59663310000139
59665208000172
60157377000423
60161098000190
60244324000105
60245487000102
60248044000167
60250396000157
60250446000104
60251733000120
60253663000140
60253812000170
60255171000193
60509155000422
60510393000105
60652898000104
60791084000150
60854502000101
61016937000140
61176228000121
61471207000139
61555769000160
61728457000101
61739942000180
61810677000341
62240890000166
62371257004285
62427646000107
62608385000121
63922314000161
63991814000155
64575251000187
64602097000195
64649999000187
64796188000109
64874464000100
64925126000150
64930449000131
64930605000164
64989940000138
64995582000176
65442162000125
65664864000153
65817421000155
65959512000125
65973927000153
66011891000190
66012014000133
66013087000140
66042003000104
66116328000186
66187360000152
66818642000100
66901042000101
66990433000140
66995036000160
66996000000100
67115717000150
67318584000119
67471441000142
67598417000179
67954446000126
67966903000100
68213487000124
68318955000125
68319581000162
68322502000172
68322601000154
68322627000100
68911650000122
68920891000138
69140804000192
69195931000199
69345544000191
71972103000161
71972129000100
71998835000120
72682388000169
72733306000168
72857006000190
72896442000179
72905052000118
72919608000125
73022402000160
73063646000191
74259755000141
74355389000124
74374661000113
74386210000104
74435835000100
74490566000185
74493727000194
74602178000149
74660564000197
74674391000166
74677022000127
74681065000186
96208194000194
96418892000114
96587837000158
97551665000125
